[gd_scene load_steps=3 format=3 uid="uid://dnj5wtkfaptad"]

[ext_resource type="PackedScene" uid="uid://cas7cgesphf4x" path="res://ball.tscn" id="1_sqoo5"]

[sub_resource type="StandardMaterial3D" id="StandardMaterial3D_thyip"]
albedo_color = Color(4.81308e-08, 0.627063, 0.158031, 1)

[node name="Game" type="Node3D"]

[node name="Level" type="Node3D" parent="."]

[node name="CSGCombiner3D" type="CSGCombiner3D" parent="Level"]
use_collision = true

[node name="CSGBox3D" type="CSGBox3D" parent="Level/CSGCombiner3D"]
size = Vector3(10, 1, 25)
material = SubResource("StandardMaterial3D_thyip")

[node name="CSGBox3D2" type="CSGBox3D" parent="Level/CSGCombiner3D"]
transform = Transform3D(1, 0, 0, 0, 1, 0, 0, 0, 1, -5, 0, 0)
size = Vector3(1, 2, 25)

[node name="CSGBox3D3" type="CSGBox3D" parent="Level/CSGCombiner3D"]
transform = Transform3D(1, 0, 0, 0, 1, 0, 0, 0, 1, 5, 0, 0)
size = Vector3(1, 2, 25)

[node name="CSGBox3D4" type="CSGBox3D" parent="Level/CSGCombiner3D"]
transform = Transform3D(-4.37114e-08, 0, -1, 0, 1, 0, 1, 0, -4.37114e-08, 0, 0, 13)
size = Vector3(1, 2, 11)

[node name="CSGBox3D5" type="CSGBox3D" parent="Level/CSGCombiner3D"]
transform = Transform3D(-4.37114e-08, 0, -1, 0, 1, 0, 1, 0, -4.37114e-08, 0, 0, -13)
size = Vector3(1, 2, 11)

[node name="CSGTorus3D" type="CSGTorus3D" parent="Level/CSGCombiner3D"]
transform = Transform3D(1, 0, 0, 0, 1, 0, 0, 0, 1, 0, 0.5, 0)
inner_radius = 2.0

[node name="CSGSphere3D" type="CSGSphere3D" parent="Level/CSGCombiner3D"]
transform = Transform3D(1, 0, 0, 0, 1, 0, 0, 0, 1, 2, 0, -1)
radius = 1.5

[node name="CSGBox3D6" type="CSGBox3D" parent="Level/CSGCombiner3D"]
transform = Transform3D(0.866025, 0, -0.5, 0, 1, 0, 0.5, 0, 0.866025, 0, 1, 4)
size = Vector3(2, 1, 1)

[node name="CSGBox3D8" type="CSGBox3D" parent="Level/CSGCombiner3D"]
transform = Transform3D(1, 0, -2.98023e-08, -2.10734e-08, 0.707107, -0.707107, 2.10734e-08, 0.707107, 0.707107, 0, 0.4, 8)
size = Vector3(2, 1, 1)

[node name="CSGBox3D7" type="CSGBox3D" parent="Level/CSGCombiner3D"]
transform = Transform3D(0.258819, 0, -0.965926, 0, 1, 0, 0.965926, 0, 0.258819, 0.9, 1, 5.2)
size = Vector3(2, 1, 1)

[node name="CSGCylinder3D" type="CSGCylinder3D" parent="Level/CSGCombiner3D"]
transform = Transform3D(1, 0, 0, 0, 1, 0, 0, 0, 1, -3, 0, -11)
operation = 2
radius = 0.75
sides = 16

[node name="Hole" type="CSGCylinder3D" parent="Level/CSGCombiner3D"]
transform = Transform3D(1, 0, 0, 0, 1, 0, 0, 0, 1, -3, -1.1, -11)
radius = 2.0
height = 1.0

[node name="Ball" parent="." instance=ExtResource("1_sqoo5")]
transform = Transform3D(1, 0, 0, 0, 1, 0, 0, 0, 1, 2.57946, 1.3764, 10.2217)

[node name="DirectionalLight3D" type="DirectionalLight3D" parent="."]
transform = Transform3D(1, 0, 0, 0, 0.5, 0.866025, 0, -0.866025, 0.5, 0, 5, 0)
